2
7
90
2
1.05
16
0 10 20 0 0 0
1 2.69 12.95 11 14 51
2 17.41 2.99 14 16 70
3 7.56 4.79 14 17 55
4 6.41 18.91 15 16 20
5 15.24 15.02 12 12 33
6 11.27 8.48 10 13 48
7 17.77 7.57 12 12 47
8 2.01 2.6 1 3 76
9 10.55 19.76 1 1 2
10 17.29 6.81 8 8 67
11 5.79 16.66 15 16 32
12 17.67 10.78 13 13 45
13 17.01 4.11 0 0 0
14 15.02 7.51 4 4 67
15 14.66 0.82 15 15 62
16 9.19 18.36 10 13 9
0 0 0 0 0 0 0 0 0 0 0 0 0 0 0 0 0 
32 0 50 26 20 32 26 40 20 30 42 14 34 46 36 48 26 
50 50 0 24 54 30 24 10 30 48 8 52 16 4 14 10 48 
38 26 24 0 30 38 16 26 14 36 24 28 32 20 22 22 32 
12 20 54 30 0 24 30 44 40 10 46 6 38 50 40 52 6 
20 32 30 38 24 0 22 20 52 18 22 22 14 26 16 32 18 
26 26 24 16 30 22 0 14 30 24 16 28 16 20 10 22 24 
40 40 10 26 44 20 14 0 40 38 2 42 6 6 4 20 38 
52 20 30 14 40 52 30 40 0 50 38 34 46 34 36 28 46 
2 30 48 36 10 18 24 38 50 0 40 16 32 44 34 46 4 
42 42 8 24 46 22 16 2 38 40 0 44 8 4 6 18 40 
18 14 52 28 6 22 28 42 34 16 44 0 36 48 38 50 12 
34 34 16 32 38 14 16 6 46 32 8 36 0 12 10 26 32 
46 46 4 20 50 26 20 6 34 44 4 48 12 0 10 14 44 
36 36 14 22 40 16 10 4 36 34 6 38 10 10 0 16 34 
48 48 10 22 52 32 22 20 28 46 18 50 26 14 16 0 46 
6 26 48 32 6 18 24 38 46 4 40 12 32 44 34 46 0 
3
15 1300 1
28 1700 1
44 2200 1
