2
7
90
2
1.05
16
0 12.16 14.63 0 0 0
1 10.7 5.08 7 8 35
2 9.61 4.89 12 12 44
3 0.56 19.84 10 11 67
4 19.83 5.86 0 1 0
5 1.26 14.34 11 11 30
6 12.11 17.3 13 15 7
7 9.64 6.45 8 9 25
8 10.99 5.2 12 15 23
9 10.56 4.92 4 6 38
10 8.87 2.86 3 5 60
11 11.1 5.41 9 11 34
12 10.72 5.1 5 8 41
13 8.16 4.28 9 9 55
14 12.78 4.24 5 8 34
15 11.83 2.73 10 11 51
16 11.1 5.79 1 1 34
0 0 0 0 0 0 0 0 0 0 0 0 0 0 0 0 0 
22 0 4 48 18 36 28 4 0 2 10 2 0 6 6 8 2 
26 4 0 48 22 36 32 4 4 2 6 6 4 2 6 8 6 
34 48 48 0 66 12 28 44 48 50 50 50 48 46 54 56 50 
32 18 22 66 0 54 38 22 18 20 28 16 18 24 16 22 16 
22 36 36 12 54 0 28 32 36 38 38 38 36 34 42 44 38 
6 28 32 28 38 28 0 28 28 30 38 26 28 34 26 32 26 
22 4 4 44 22 32 28 0 4 6 10 6 4 6 10 12 6 
22 0 4 48 18 36 28 4 0 2 10 2 0 6 6 8 2 
24 2 2 50 20 38 30 6 2 0 8 4 2 4 4 6 4 
32 10 6 50 28 38 38 10 10 8 0 12 10 4 12 6 12 
20 2 6 50 16 38 26 6 2 4 12 0 2 8 4 6 0 
22 0 4 48 18 36 28 4 0 2 10 2 0 6 6 8 2 
28 6 2 46 24 34 34 6 6 4 4 8 6 0 8 10 8 
20 6 6 54 16 42 26 10 6 4 12 4 6 8 0 6 4 
26 8 8 56 22 44 32 12 8 6 6 6 8 10 6 0 6 
20 2 6 50 16 38 26 6 2 4 12 0 2 8 4 6 0 
3
15 1300 1
28 1700 1
44 2200 1
