2
7
90
2
1.05
16
0 6.17 6.03 0 0 0
1 10.67 1.19 4 5 29
2 12.91 17.01 6 7 55
3 2.07 10.02 2 4 17
4 15.76 0.98 4 6 35
5 8.52 3.8 10 11 19
6 10.76 3.15 11 12 15
7 10.38 0.6 15 18 30
8 10.93 0.96 15 15 26
9 8.48 1.85 0 1 0
10 10.86 2.42 3 3 27
11 10.46 1.19 5 7 28
12 10.57 2.31 2 3 25
13 10.67 1.26 1 4 21
14 10.74 2.55 14 15 19
15 11.8 3.05 10 11 32
16 10.63 1.23 11 11 24
0 0 0 0 0 0 0 0 0 0 0 0 0 0 0 0 0 
18 0 36 34 12 8 4 2 2 4 2 0 2 0 2 6 0 
34 36 0 34 40 36 32 38 38 40 34 36 34 36 34 30 36 
16 34 34 0 46 26 30 36 36 30 32 34 32 34 32 32 34 
30 12 40 46 0 20 16 10 10 16 14 12 14 12 14 14 12 
10 8 36 26 20 0 4 10 10 4 6 8 6 8 6 6 8 
14 4 32 30 16 4 0 6 6 8 2 4 2 4 2 2 4 
20 2 38 36 10 10 6 0 0 6 4 2 4 2 4 8 2 
20 2 38 36 10 10 6 0 0 6 4 2 4 2 4 8 2 
14 4 40 30 16 4 8 6 6 0 6 4 6 4 6 10 4 
16 2 34 32 14 6 2 4 4 6 0 2 0 2 0 4 2 
18 0 36 34 12 8 4 2 2 4 2 0 2 0 2 6 0 
16 2 34 32 14 6 2 4 4 6 0 2 0 2 0 4 2 
18 0 36 34 12 8 4 2 2 4 2 0 2 0 2 6 0 
16 2 34 32 14 6 2 4 4 6 0 2 0 2 0 4 2 
16 6 30 32 14 6 2 8 8 10 4 6 4 6 4 0 6 
18 0 36 34 12 8 4 2 2 4 2 0 2 0 2 6 0 
3
15 1300 1
28 1700 1
44 2200 1
