2
7
90
2
1.05
16
0 10 10 0 0 0
1 16.13 19.32 1 1 40
2 19.55 6.08 12 12 33
3 6.88 1.21 4 6 32
4 19.81 8.18 7 9 35
5 19.72 13.15 5 7 43
6 17.18 19.53 15 17 61
7 12.95 11.03 2 2 7
8 0.09 7.86 4 5 42
9 1.09 11.28 11 14 34
10 12.71 4.14 10 13 19
11 0.43 5.23 14 14 49
12 2.73 11.19 15 17 23
13 3.12 5.3 4 5 44
14 19.19 3.31 7 9 48
15 3.38 7.92 9 12 27
16 12.97 8.94 0 3 0
0 0 0 0 0 0 0 0 0 0 0 0 0 0 0 0 0 
30 0 32 56 28 18 2 24 56 46 38 60 44 54 38 50 30 
26 32 0 36 4 14 30 24 40 46 18 40 44 34 6 34 18 
26 56 36 0 40 50 58 32 24 30 18 20 28 14 30 18 26 
22 28 4 40 0 10 26 20 40 42 22 44 40 38 10 34 14 
24 18 14 50 10 0 16 18 50 40 32 54 38 48 20 44 24 
32 2 30 58 26 16 0 26 58 48 40 62 46 56 36 52 32 
6 24 24 32 20 18 26 0 32 22 14 36 20 30 30 26 6 
26 56 40 24 40 50 58 32 0 10 30 4 12 10 46 6 26 
20 46 46 30 42 40 48 22 10 0 36 14 2 16 52 12 28 
16 38 18 18 22 32 40 14 30 36 0 26 34 20 16 24 8 
30 60 40 20 44 54 62 36 4 14 26 0 16 6 42 10 30 
18 44 44 28 40 38 46 20 12 2 34 16 0 14 50 10 26 
24 54 34 14 38 48 56 30 10 16 20 6 14 0 36 4 24 
32 38 6 30 10 20 36 30 46 52 16 42 50 36 0 40 24 
20 50 34 18 34 44 52 26 6 12 24 10 10 4 40 0 20 
8 30 18 26 14 24 32 6 26 28 8 30 26 24 24 20 0 
3
15 1300 1
28 1700 1
44 2200 1
