2
7
90
2
1.05
16
0 0 10 0 0 0
1 10.7 5.08 10 13 31
2 9.61 4.89 15 18 38
3 0.56 19.84 8 10 34
4 19.83 5.86 1 4 90
5 1.26 14.34 8 11 20
6 12.11 17.3 9 12 72
7 9.64 6.45 13 13 34
8 10.99 5.2 12 13 49
9 10.56 4.92 7 9 60
10 8.87 2.86 4 5 47
11 11.1 5.41 11 12 49
12 10.72 5.1 1 2 34
13 8.16 4.28 15 16 38
14 12.78 4.24 1 2 64
15 11.83 2.73 6 8 47
16 11.1 5.79 14 14 64
0 0 0 0 0 0 0 0 0 0 0 0 0 0 0 0 0 
30 0 4 48 18 36 28 4 0 2 10 2 0 6 6 8 2 
30 4 0 48 22 36 32 4 4 2 6 6 4 2 6 8 6 
18 48 48 0 66 12 28 44 48 50 50 50 48 46 54 56 50 
48 18 22 66 0 54 38 22 18 20 28 16 18 24 16 22 16 
10 36 36 12 54 0 28 32 36 38 38 38 36 34 42 44 38 
38 28 32 28 38 28 0 28 28 30 38 26 28 34 26 32 26 
26 4 4 44 22 32 28 0 4 6 10 6 4 6 10 12 6 
30 0 4 48 18 36 28 4 0 2 10 2 0 6 6 8 2 
32 2 2 50 20 38 30 6 2 0 8 4 2 4 4 6 4 
32 10 6 50 28 38 38 10 10 8 0 12 10 4 12 6 12 
32 2 6 50 16 38 26 6 2 4 12 0 2 8 4 6 0 
30 0 4 48 18 36 28 4 0 2 10 2 0 6 6 8 2 
28 6 2 46 24 34 34 6 6 4 4 8 6 0 8 10 8 
36 6 6 54 16 42 26 10 6 4 12 4 6 8 0 6 4 
38 8 8 56 22 44 32 12 8 6 6 6 8 10 6 0 6 
32 2 6 50 16 38 26 6 2 4 12 0 2 8 4 6 0 
3
15 1300 1
28 1700 1
44 2200 1
