2
7
80
2
1.05
20
0 30 40 0
1 37 52 13
2 49 49 6
3 52 64 6
4 31 62 6
5 52 33 9
6 42 41 10
7 52 41 14
8 57 58 3
9 62 42 6
10 42 57 7
11 27 68 3
12 43 67 2
13 58 48 10
14 58 27 11
15 37 69 3
16 38 46 6
17 61 33 5
18 62 63 6
19 63 69 9
20 45 35 7
0 0 0 0 0 0 0 0 0 0 0 0 0 0 0 0 0 0 0 0 0 
14 0 12 19 12 24 12 19 21 27 7 19 16 21 33 17 6 31 27 31 19 
21 12 0 15 22 16 11 9 12 15 11 29 19 9 24 23 11 20 19 24 15 
33 19 15 0 21 31 25 23 8 24 12 25 9 17 37 16 23 32 10 12 30 
22 12 22 21 0 36 24 30 26 37 12 7 13 30 44 9 17 42 31 33 30 
23 24 16 31 36 0 13 8 25 13 26 43 35 16 8 39 19 9 32 38 7 
12 12 11 25 24 13 0 10 23 20 16 31 26 17 21 28 6 21 30 35 7 
22 19 9 23 30 8 10 0 18 10 19 37 28 9 15 32 15 12 24 30 9 
32 21 12 8 26 25 23 18 0 17 15 32 17 10 31 23 22 25 7 13 26 
32 27 15 24 37 13 20 10 17 0 25 44 31 7 16 37 24 9 21 27 18 
21 7 11 12 12 26 16 19 15 25 0 19 10 18 34 13 12 31 21 24 22 
28 19 29 25 7 43 31 37 32 44 19 0 16 37 51 10 25 49 35 36 38 
30 16 19 9 13 35 26 28 17 31 10 16 0 24 43 6 22 38 19 20 32 
29 21 9 17 30 16 17 9 10 7 18 37 24 0 21 30 20 15 16 22 18 
31 33 24 37 44 8 21 15 31 16 34 51 43 21 0 47 28 7 36 42 15 
30 17 23 16 9 39 28 32 23 37 13 10 6 30 47 0 23 43 26 26 35 
10 6 11 23 17 19 6 15 22 24 12 25 22 20 28 23 0 26 29 34 13 
32 31 20 32 42 9 21 12 25 9 31 49 38 15 7 43 26 0 30 36 16 
39 27 19 10 31 32 30 24 7 21 21 35 19 16 36 26 29 30 0 6 33 
44 31 24 12 33 38 35 30 13 27 24 36 20 22 42 26 34 36 6 0 38 
16 19 15 30 30 7 7 9 26 18 22 38 32 18 15 35 13 16 33 38 0 
3
15 1300 1
28 1700 1
44 2200 1
0
16
6
2
13
8
18
0
1
10
12
15
11
0
20
5
14
17
9
0
4
3
19
0
7
0
0
